0000000          90
0000001
0000000          15
0000001
0000000         162
0000001
0000000         127
0000001
0000000         183
0000001
0000000          65
0000001
0000000          72
0000001
0000000         188
0000001
0000000         142
0000001
0000000          65
0000001
0000000         232
0000001
0000000         202
0000001
0000000         199
0000001
0000000          24
0000001
0000000         172
0000001
0000000          38
0000001
0000000         144
0000001
0000000         160
0000001
0000000         106
0000001
0000000         122
0000001
0000000         107
0000001
0000000         121
0000001
0000000          44
0000001
0000000          83
0000001
0000000         231
0000001
0000000         154
0000001
0000000         176
0000001
0000000          33
0000001
0000000          46
0000001
0000000          23
0000001
0000000         169
0000001
0000000         187
0000001
0000000          89
0000001
0000000         101
0000001
0000000         149
0000001
0000000          83
0000001
0000000          20
0000001
0000000         199
0000001
0000000         106
0000001
0000000          60
0000001
0000000          16
0000001
0000000         151
0000001
0000000         156
0000001
0000000          38
0000001
0000000           3
0000001
0000000          47
0000001
0000000           3
0000001
0000000         204
0000001
0000000          59
0000001
0000000          74
0000001
0000000         157
0000001
0000000          69
0000001
0000000          26
0000001
0000000         147
0000001
0000000          17
0000001
0000000          46
0000001
0000000         104
0000001
0000000         243
0000001
0000000         238
0000001
0000000          10
0000001
0000000         134
0000001
0000000          22
0000001
0000000           2
0000001
0000000         234
0000001
0000000         162
0000001
0000000          96
0000001
0000000          43
0000001
0000000          34
0000001
0000000         187
0000001
0000000          21
0000001
0000000          49
0000001
0000000         251
0000001
0000000          15
0000001
0000000         120
0000001
0000000          65
0000001
0000000         254
0000001
0000000         212
0000001
0000000         197
0000001
0000000         101
0000001
0000000           8
0000001
0000000          66
0000001
0000000         188
0000001
0000000         182
0000001
0000000         230
0000001
0000000         252
0000001
0000000          98
0000001
0000000          64
0000001
0000000          88
0000001
0000000         119
0000001
0000000         110
0000001
0000000         120
0000001
0000000         159
0000001
0000000          23
0000001
0000000         190
0000001
0000000         193
0000001
0000000         236
0000001
0000000         254
0000001
0000000         175
0000001
0000000          30
0000001
0000000          26
0000001
0000000         161
0000001
0000000          69
0000001
0000000         128
0000001
0000000         146
0000001
0000000         149
0000001
0000000         171
0000001
0000000         204
0000001
0000000         109
0000001
0000000         230
0000001
0000000         105
0000001
0000000         127
0000001
0000000          19
0000001
0000000         202
0000001
0000000          40
0000001
0000000         187
0000001
0000000         116
0000001
0000000          61
0000001
0000000          82
0000001
0000000         118
0000001
0000000         135
0000001
0000000         240
0000001
0000000         232
0000001
0000000         240
0000001
0000000          61
0000001
0000000         233
0000001
0000000         115
0000001
0000000         243
0000001
0000000         233
0000001
0000000         202
0000001
0000000         169
0000001
0000000         250
0000001
0000000          59
0000001
0000000          24
0000001
0000000          53
0000001
0000000         208
0000001
0000000          12
0000001
0000000          56
0000001
0000000         240
0000001
0000000         238
0000001
0000000         204
0000001
0000000         139
0000001
0000000          84
0000001
0000000         234
0000001
0000000         250
0000001
0000000         200
0000001
0000000         249
0000001
0000000         203
0000001
0000000         212
0000001
0000000         154
0000001
0000000         172
0000001
